60 94
73
3 18 45 65
18 9 21 51
18 5 42 54
12 18 0 47
18 16 27 72
6 15 21 72
6 13 15 44
2 12 37 12
15 25 22 12
14 33 8 0
2 10 48 71
12 13 1 34
13 14 40 20
10 12 21 60
21 12 0 82
3 9 5 0
10 12 50 70
4 10 55 60
9 12 12 57
9 3 45 83
6 9 23 42
6 9 29 42
2 9 22 3
9 10 13 34
9 2 45 86
5 7 40 64
9 8 31 64
14 7 39 13
7 25 53 27
7 6 48 64
3 7 22 87
3 7 49 42
7 16 53 6
7 11 0 23
6 7 24 4
5 7 0 69
14 6 35 43
6 6 54 82
34 6 26 88
23 6 30 6
14 6 35 37
6 6 49 0
7 5 53 22
5 13 3 9
6 5 23 37
14 5 39 49
21 5 0 76
16 5 39 59
16 5 5 69
6 5 29 37
4 4 49 37
12 4 0 65
12 3 40 34
13 3 30 3
3 12 37 25
16 3 30 0
3 21 0 2
3 2 6 74
5 5 55 0
2 1 7 33
1 3 25 88
4 1 34 63
6 1 48 82
3 2 27 2
3 2 35 49
3 2 2 0
3 8 12 47
4 3 43 3
6 2 53 52
7 3 31 60
3 5 39 54
11 2 9 74
2 6 21 44
