60 93
73
3 18 0 59
9 18 47 75
5 18 42 75
12 18 48 37
16 18 28 3
6 15 36 78
6 13 7 43
2 12 58 68
25 15 0 27
33 14 13 54
2 10 0 77
12 13 36 32
14 13 46 55
10 12 50 2
21 12 15 42
3 9 47 5
10 12 3 59
4 10 56 83
12 9 36 45
3 9 26 26
6 9 1 18
6 9 1 0
2 9 29 26
10 9 26 84
2 9 13 44
5 7 2 49
8 9 0 9
14 7 46 19
25 7 17 71
6 7 6 84
3 7 11 9
3 7 44 7
16 7 42 68
11 7 25 35
6 7 11 71
5 7 31 28
14 6 12 84
6 6 22 15
34 6 2 78
23 6 37 26
14 6 14 9
6 6 1 43
7 5 7 22
13 5 9 16
6 5 0 88
14 5 16 21
21 5 7 4
16 5 30 21
16 5 44 14
6 5 5 73
4 4 2 84
12 4 48 33
12 3 1 56
13 3 13 90
12 3 29 68
16 3 13 68
21 3 23 0
2 3 56 76
5 5 44 0
2 1 46 54
3 1 48 32
4 1 23 3
6 1 18 26
3 2 34 26
3 2 44 5
3 2 8 9
8 3 15 1
4 3 56 80
6 2 7 91
7 3 7 1
3 5 8 11
11 2 49 0
6 2 5 71
