60 94
73
18 3 42 36
18 9 3 29
18 5 42 39
18 12 21 31
18 16 14 78
15 6 39 30
13 6 20 19
12 2 15 6
15 25 33 44
33 14 0 63
10 2 36 88
13 12 35 69
13 14 4 49
12 10 20 9
12 21 48 57
9 3 37 91
10 12 5 17
10 4 37 0
12 9 3 6
9 3 1 86
9 6 47 1
9 6 29 25
9 2 6 15
9 10 24 53
2 9 32 10
7 5 26 43
9 8 1 77
7 14 37 4
25 7 35 81
6 7 54 8
7 3 17 60
7 3 27 6
7 16 17 43
7 11 53 46
7 6 22 25
7 5 1 89
14 6 46 88
6 6 54 29
34 6 0 0
6 23 48 7
6 14 54 15
6 6 38 24
7 5 26 48
5 13 48 44
6 5 8 89
5 14 0 15
5 21 15 8
16 5 5 38
16 5 1 43
5 6 38 18
4 4 44 26
4 12 10 77
12 3 48 78
3 13 0 29
3 12 44 6
3 16 32 77
3 21 34 1
3 2 45 24
5 5 43 18
1 2 58 44
1 3 47 7
1 4 56 4
6 1 54 35
2 3 35 91
3 2 53 44
2 3 20 26
3 8 39 36
3 4 1 48
2 6 33 71
3 7 57 1
5 3 33 22
2 11 2 52
2 6 0 57
