60 93
73
16 18 37 37
3 18 57 12
9 18 51 61
5 18 32 35
12 18 0 22
6 15 0 47
6 13 27 66
2 12 12 22
25 15 0 78
33 14 25 79
2 10 58 79
12 13 19 34
14 13 6 48
10 12 50 0
21 12 14 22
3 9 16 34
10 12 20 51
4 10 53 20
12 9 35 26
3 9 13 34
6 9 53 37
6 9 30 53
2 9 0 69
10 9 33 69
2 9 47 28
5 7 8 40
8 9 43 70
14 7 0 62
25 7 9 9
6 7 34 12
3 7 17 61
3 7 14 61
16 7 34 5
11 7 49 30
6 7 35 19
5 7 55 47
14 6 15 0
6 6 2 72
34 6 0 16
23 6 36 55
14 6 37 61
6 6 47 22
7 5 2 9
13 5 14 68
6 5 41 20
14 5 1 1
21 5 29 0
16 5 41 15
16 5 8 73
6 5 13 43
4 4 0 40
12 4 20 47
12 3 25 63
13 3 21 6
12 3 2 69
16 3 40 12
21 3 0 6
2 3 53 46
5 5 20 63
2 1 5 43
3 1 35 78
4 1 33 62
6 1 8 61
3 2 49 20
3 2 49 28
3 2 44 35
8 3 0 44
4 3 4 40
6 2 3 14
7 3 44 67
3 5 24 73
11 2 33 67
6 2 38 35
